5274139
5500493
3177367
2263175
4919709
6565568
4190802
6206289
7327409
4303929
2899395
5311800
4222287
3419863
4193748
2756005
2082079
5231798
5949414
6925955
4779563
1768740
5452217
2400679
3385749
1181149
6056603
8708533
1372588
3321599
7823838
1591056
3967948
7241555
9171554
7525048
2937283
6117443
4740263
6144707
3276363
4119346
2781648
4912188
2095347
4529488
6417770
7305211
5881770
2642030
7030284
1725209
8289965
1686207
7677233
3324522
9623826
4983152
5901130
3332799
2886940
9627724
5882269
4639570
8813119
1264146
5774828
5362173
6971923
5428761
5782759
1682054
7321353
6532635
4321149
1463430
5234764
9373161
5414291
8260134
3346126
8919359
4928661
6896885
4273981
1600625
4963608
9756530
4154069
3073026
4496698
8198141
4982866
6317839
4616360
7357847
9810158
7857085
7850334
4573345
3198284
9649649
8544260
9019371
3586614
5734485
3767021
7015688
5697937
5662525
3044727
4748314
5753829
6552431
5643274
1581595
9846072
3488455
8768210
8302824
9330144
7701647
1981832
5148180
1864102
1274685
6785436
6939781
5309660
8048204
9202625
1697694
9236427
3894010
8118163
6574669
8402298
9801662
1433687
9542414
2358222
3236825
3548367
2560218
3433697
5867955
2882271
2124337
4295691
3676997
7607009
6081776
6915549
5052929
7627072
1471698
4470703
4640128
6501234
1441286
5253575
2359869
3123621
5569393
2075892
2297541
7353342
9073934
7397991
9425330
9473678
5976893
2896922
8019767
6376017
8931412
8893252
5875058
2809605
5699841
5109045
7188265
7538189
5673903
7704451
9326380
4773338
9295491
8932555
6178125
3886961
3163505
6146991
7875272
9184799
6770607
5226789
2208060
4969589
2207290
7370607
3974638
3671898
7650901
3390887
6737669
1338081
8147207
2907756
2804698
6360903
1376781
3029092
7355338
6347826
8740450
9729920
4380312
8102603
4426665
2030764
3821960
7509030
2497280
9597592
1077556
3663863
4403379
1542491
5496580
3652605
6844904
6617658
5298457
5527726
1461196
5699907
4747118
3539991
1413088
1409537
4449175
1526516
4832747
8799113
3506484
5502571
1669030
4192666
4489890
9486142
4830450
3071178
4703134
2033082
4658399
1003973
5227464
7574806
1285287
2873754
6596027
6870214
2407664
9668837
7549282
2592025
8070985
9695635
7473554
1871959
1429601
2177232
2776025
1194439
2411553
7728854
8928688
3551524
4541512
7623854
3542160
6615292
2132488
8567515
9942936
4220384
4389010
5842069
1644515
3418718
3225895
1517893
2795710
9214856
3497083
6685493
7213224
1612837
9273114
5450951
4457516
9746129
7072642
3341371
8734475
2782316
2376762
5620261
1111719
2138459
6644699
7296345
3877225
4642145
2743003
8477602
2031806
1463455
1481271
7478484
1300896
7765315
4803022
3926580
7007110
7729633
5071748
2407693
4457922
3538396
8895405
1404282
9423901
9482472
3093412
4652227
9626728
8933942
6581280
7306023
7154587
9125985
1628599
8091900
3005122
6110117
7558260
2177936
6815925
8528726
7197588
8977351
7617072
1021999
4297425
8590666
2463351
9313782
5361325
3846779
1289554
2957084
7002035
8906742
5174900
4618326
7094327
5032197
3764109
5720295
1451802
4588868
8476576
7794064
3405034
2310173
3147114
1882330
9693004
8582442
3724266
6870135
9652610
2620011
8392852
3271866
8006828
3395409
1288562
1421904
5624018
4595507
8126325
9977808
2445229
2116664
1153243
2195891
3340103
1041336
3236959
5394689
2577840
5418329
5579738
3267187
8538633
1202921
5496490
9303699
4648456
6216437
5026152
1404479
5317430
1199264
2283250
6986369
5314197
2229602
7678637
6061295
5989496
5472221
9722026
2258826
2586621
9216350
9955902
1913460
7215642
5239123
4371214
8409002
8004778
6309715
8969542
4044773
6767717
7118328
9106937
4235077
3637136
4765528
9598031
6697287
6914155
5747286
9845770
8362974
3170735
9001804
6551377
6576978
8282939
7979600
6867024
9388939
6655100
2837605
4888187
2395849
6901908
4375678
6220816
6035937
9679608
2365985
8594052
2795286
6679639
3621883
7267871
4649939
1692657
6509764
4129653
8441576
7315011
6528415
4335990
1809233
2693330
2708884
7607317
5138779
2395612
2677470
1014340
3757396
1851543
7917793
8498853
7120046
5443154
6635097
9223528
9850312
8416996
